     70.5336      111.047         0.01  1.93877e-16        0.012        -0.07       0.2424        0.012
     111.047      182.104 -9.06844e-16         0.01        0.024        -0.16       0.4948        0.024
        0.01 -9.06844e-16         0.01  8.16492e-19 -2.86643e-19         0.01 -5.00487e-18 -2.86643e-19
 1.93877e-16         0.01  8.16492e-19         0.01  5.04939e-18  7.40291e-19         0.01  5.14555e-18
       0.012        0.024 -2.86643e-19  5.04939e-18       0.0004  7.38639e-16        0.008       0.0004
       -0.07        -0.16         0.01  7.40291e-19  7.38639e-16         0.05  1.47734e-14  7.38639e-16
      0.2424       0.4948 -5.00487e-18         0.01        0.008  1.47734e-14       0.1716        0.008
       0.012        0.024 -2.86643e-19  5.14555e-18       0.0004  7.38639e-16        0.008       0.0008