     28.8195      38.0577         0.01  2.36298e-12    0.0161755   -0.0282454     0.325074    0.0245264        -0.07     0.817272    0.0245264
     38.0577      54.3905   5.1545e-12         0.01     0.031306   -0.0869397     0.639459    0.0459181        -0.16      1.56074    0.0459181
        0.01   5.1545e-12         0.01  -4.5609e-19  1.28578e-16         0.01  2.47272e-12  3.86587e-16         0.01  2.48051e-12  3.86568e-16
 2.36298e-12         0.01  -4.5609e-19         0.01  2.80473e-16  -2.4676e-12         0.01  8.07851e-16 -2.47018e-12         0.01  8.06628e-16
   0.0161755     0.031306  1.28578e-16  2.80473e-16  0.000399582 -4.17951e-06   0.00799172  0.000398746 -1.96681e-12    0.0159665  0.000398746
  -0.0282454   -0.0869397         0.01  -2.4676e-12 -4.17951e-06    0.0499582 -8.27543e-05 -1.25385e-05         0.05 -0.000335197 -1.25385e-05
    0.325074     0.639459  2.47272e-12         0.01   0.00799172 -8.27543e-05     0.171436   0.00797517 -3.93362e-11     0.330936   0.00797517
   0.0245264    0.0459181  3.86587e-16  8.07851e-16  0.000398746 -1.25385e-05   0.00797517  0.000796238 -1.94638e-12    0.0238994  0.000796238
       -0.07        -0.16         0.01 -2.47018e-12 -1.96681e-12         0.05 -3.93362e-11 -1.94638e-12         0.09 -7.82637e-11 -1.94638e-12
    0.817272      1.56074  2.48051e-12         0.01    0.0159665 -0.000335197     0.330936    0.0238994 -7.82637e-11     0.810512    0.0238994
   0.0245264    0.0459181  3.86568e-16  8.06628e-16  0.000398746 -1.25385e-05   0.00797517  0.000796238 -1.94638e-12    0.0238994   0.00119624