     3.96353      11.1026   0.00999718  5.98986e-05   0.00102005    0.0140257    0.0200356   0.00180562    0.0049155    0.0563558   0.00180378    0.0563856     0.031487   0.00180378
     11.1026      43.3902    0.0059594  -0.00276311  1.43451e-05   -0.0702844  -0.00291329   0.00170921    -0.152433    0.0301836   0.00430878  -0.00634382     0.239906   0.00430878
  0.00999718    0.0059594   0.00999405  1.17032e-05  1.56193e-05   0.00997837 -8.76243e-06  2.19387e-05   0.00996517  0.000540513  1.94431e-05  0.000575617  -0.00957328  1.94431e-05
 5.98986e-05  -0.00276311  1.17032e-05   0.00997696 -3.08191e-05  0.000363674   0.00935501 -4.33336e-05   0.00028642   0.00849067 -3.84223e-05   0.00842156  -0.00106088 -3.84223e-05
  0.00102005  1.43451e-05  1.56193e-05 -3.08191e-05  0.000358346  0.000296638   0.00708309   0.00034115  0.000167133    0.0138854  0.000347708     0.013794   0.00685141  0.000347708
   0.0140257   -0.0702844   0.00997837  0.000363674  0.000296638    0.0500597    0.0059299   0.00030758    0.0499662    0.0126193  0.000300862    0.0127144   -0.0438957  0.000300862
   0.0200356  -0.00291329 -8.76243e-06   0.00935501   0.00708309    0.0059299     0.151569   0.00672672   0.00326775     0.285691   0.00686279     0.283793      0.13526   0.00686279
  0.00180562   0.00170921  2.19387e-05 -4.33336e-05   0.00034115   0.00030758   0.00672672  0.000716674  0.000110355     0.021017  0.000725886    0.0208891    0.0145409  0.000725886
   0.0049155    -0.152433   0.00996517   0.00028642  0.000167133    0.0499662   0.00326775  0.000110355    0.0898569   0.00602877  9.67809e-05   0.00621962   -0.0879064  9.67809e-05
   0.0563558    0.0301836  0.000540513   0.00849067    0.0138854    0.0126193     0.285691     0.021017   0.00602877      0.70636    0.0213374     0.701903     0.424655    0.0213374
  0.00180378   0.00430878  1.94431e-05 -3.84223e-05  0.000347708  0.000300862   0.00686279  0.000725886  9.67809e-05    0.0213374   0.00113405    0.0212252    0.0227917   0.00113405
   0.0563856  -0.00634382  0.000575617   0.00842156     0.013794    0.0127144     0.283793    0.0208891   0.00621962     0.701903    0.0212252     0.737239     0.422202    0.0212252
    0.031487     0.239906  -0.00957328  -0.00106088   0.00685141   -0.0438957      0.13526    0.0145409   -0.0879064     0.424655    0.0227917     0.422202     0.549512    0.0227917
  0.00180378   0.00430878  1.94431e-05 -3.84223e-05  0.000347708  0.000300862   0.00686279  0.000725886  9.67809e-05    0.0213374   0.00113405    0.0212252    0.0227917   0.00153405